case1:
  points: [[0,0],[0,1],[1,0],[0,2],[2,0]]
  expect_res: 2.00000

case2:
  points: [[1,0],[0,0],[0,1]]
  expect_res: 0.50000