case1:
  Salary: [4000,3000,1000,2000]
  ExpectRes: 2500.00000

case2:
  Salary: [1000,2000,3000]
  ExpectRes: 2000.00000

case3:
  Salary: [6000,5000,4000,3000,2000,1000]
  ExpectRes: 3500.00000

case4:
  Salary: [8000,9000,2000,3000,6000,1000]
  ExpectRes: 4750.00000